warps:
  spawn:
    world: world
    x: 0.6003058093243192
    y: 67.0
    z: 0.34788467158533537
    yaw: -89.119316
    pitch: 23.399982
  arena:
    world: world
    x: -2806.5830493186877
    y: 73.0
    z: -987.2966984272326
    yaw: -90.60373
    pitch: 9.749955
  arena-controls:
    world: world
    x: -2775.698975882842
    y: 65.0
    z: -987.4875383252953
    yaw: -90.60333
    pitch: 13.949904
